

a <- c(1,2,3,4,5)
b <- c(3,4,5,6,7)
c <- a + b
v1 <- a*b
v2 <- a/b

x <- c(2,3,4,5)
y <- c(5,6,7,8,9,2,3,4)
z <- x+y  
z1 <- x*y

# 2   3   4   5  (2   3   4   5)       repeats again
# 5   6   7   8   9   2   3   4





















